 dt,beta=     32.36611922270230        1.2195530804907236E-002
 amp,vpp,yd0 =    9.9999999999999998E-013    0.000000000000000      
    0.000000000000000     
 peritr,ifluid=             0            0
 tor,nonlin=     1.000000000000000                 1            1
 isuni=             0 amie=     1835.466660000000     
 kxcut,kycut,bcut=    0.2790349390931968        2.9823424198553751E-002 
    3000.000000000000     
 fradi,isg=     1.000000000000000         1.000000000000000     
 llk,mlk,onemd =            0            1            1
 vwidth (i,e), vcut=     8.000000000000000         8.000000000000000      
    15.00000000000000     
 rneu=     0.000000000000000     
 V-ExB switch=     0.000000000000000     
 V-parallel switch=     0.000000000000000     
 mm1=         66048
 pzcrite,encrit =     13.12507333974200         1.000000000000000     
 lxa,lymult,delra,r0a,rina,routa=   0.8600000000000000      
    2.000000000000000        5.0000000000000003E-002   0.5300000000000000      
   0.1000000000000000        0.9600000000000000     
 a,r0,rmaj0,q0,lx,ly,lz=    183.0854584038953         97.03529295406453      
    542.9878083918395        -1.315420320000000         157.4534942273500      
    231.7474945828893         4487.810323669831     
 t0,kyrhoi_local=   0.6032766210000000        2.9780916994334806E-002
      0   0.220E-12   0.000E+00   0.000E+00   0.000E+00   0.000E+00   0.000E+00   0.000E+00   0.000E+00   0.528E-09   0.814E-11   0.528E-09
     32   0.197E-01   0.000E+00   0.000E+00   0.000E+00   0.000E+00   0.000E+00   0.000E+00   0.000E+00   0.954E-02   0.406E-01   0.417E-01
     64   0.308E-01   0.000E+00   0.000E+00   0.000E+00   0.000E+00   0.000E+00   0.000E+00   0.000E+00  -0.562E-01   0.211E-01   0.600E-01
     97   0.439E-01   0.000E+00   0.000E+00   0.000E+00   0.000E+00   0.000E+00   0.000E+00   0.000E+00   0.714E-02   0.297E-01   0.306E-01
    129   0.591E-01   0.000E+00   0.000E+00   0.000E+00   0.000E+00   0.000E+00   0.000E+00   0.000E+00  -0.107E-02   0.735E-02   0.743E-02
    161   0.799E-01   0.000E+00   0.000E+00   0.000E+00   0.000E+00   0.000E+00   0.000E+00   0.000E+00   0.384E-01   0.130E-01   0.406E-01
    194   0.881E-01   0.000E+00   0.000E+00   0.000E+00   0.000E+00   0.000E+00   0.000E+00   0.000E+00   0.311E-01   0.214E-01   0.377E-01
    226   0.102E+00   0.000E+00   0.000E+00   0.000E+00   0.000E+00   0.000E+00   0.000E+00   0.000E+00   0.253E-01   0.162E-01   0.300E-01
    258   0.114E+00   0.000E+00   0.000E+00   0.000E+00   0.000E+00   0.000E+00   0.000E+00   0.000E+00   0.812E-01  -0.246E-02   0.813E-01
    291   0.123E+00   0.000E+00   0.000E+00   0.000E+00   0.000E+00   0.000E+00   0.000E+00   0.000E+00   0.163E+00   0.471E-01   0.169E+00
