      0   0.52755E-09  -0.36310E-09   0.71762E-10   0.21311E-11   0.41260E-11
     32   0.95363E-02   0.29041E-02   0.20496E-02  -0.77168E-02  -0.70226E-02
     64  -0.56178E-01   0.27433E-01  -0.95482E-03  -0.13850E-02  -0.19645E-02
     97   0.71404E-02   0.23398E-01   0.81533E-02  -0.11224E-02  -0.43996E-02
    129  -0.10674E-02   0.41078E-01   0.17644E-01  -0.28023E-02  -0.63787E-02
    161   0.38433E-01   0.36069E-03   0.52488E-02  -0.11110E-01  -0.12107E-01
    194   0.31081E-01   0.97532E-02   0.91961E-02  -0.76263E-02  -0.13463E-01
    226   0.25307E-01   0.29133E-01   0.15853E-01  -0.59586E-02  -0.13434E-01
    258   0.81239E-01  -0.21160E-01   0.38359E-01  -0.10863E-01  -0.21383E-01
    291   0.16258E+00   0.11773E-01   0.65173E-01   0.55304E-02  -0.10303E-01
